iteration,brush percentage,total drawing time (micros)
1,98,103943
2,92,561510
3,66,567053
4,43,503000
5,59,494071
6,84,483674
7,68,493401
8,57,487275
9,76,400012
10,62,407655
11,42,411079
12,68,488347
13,79,438339
14,55,502362
15,60,460839
16,76,455178
17,87,442964
18,91,594695
19,85,552807
20,82,513728
21,68,469798
22,72,466386
23,77,468468
24,68,474084
25,58,483377
26,53,501124
27,62,518282
28,73,422636
29,82,423854
30,88,430218
31,82,529289
32,81,586071
33,73,534029
34,51,501357
35,72,517818
36,83,477307
37,75,482514
38,73,453144
39,63,482591
40,73,465413
41,77,501025
42,74,409913
43,62,432957
44,69,429648
45,68,404272
46,47,545217
47,55,465198
48,79,459100
49,89,539791
50,73,451555
