iteration,brush percentage,total drawing time (micros)
1,98,371329
2,92,408735
3,66,395536
4,43,435126
5,59,408990
6,84,390678
7,68,414192
8,57,417385
9,76,392435
10,62,422316
11,42,456950
12,68,416508
13,79,392665
14,55,396064
15,60,505799
16,76,407648
17,87,385895
18,91,413619
19,85,483031
20,82,393235
21,68,410687
22,72,402430
23,77,438890
24,68,432085
25,58,433611
26,53,412124
27,62,408921
28,73,411011
29,82,389240
30,88,484824
31,82,391674
32,81,399006
33,73,400978
34,51,433435
35,72,395630
36,83,388434
37,75,410874
38,73,373526
39,63,403014
40,73,391516
41,77,385416
42,74,371289
43,62,389151
44,69,343685
45,68,362609
46,47,369722
47,55,344421
48,79,342437
49,89,344297
50,73,364448
