iteration,brush percentage,total drawing time (micros)
1,98,818780
2,92,404161
3,66,416305
4,43,480543
5,59,422062
6,84,323524
7,68,423164
8,57,445247
9,76,410719
10,62,449334
11,42,463412
12,68,429178
13,79,401237
14,55,428782
15,60,434871
16,76,420671
17,87,405194
18,91,432039
19,85,440888
20,82,464959
21,68,439689
22,72,449002
23,77,436487
24,68,439035
25,58,462269
26,53,381048
27,62,636745
28,73,525949
29,82,494697
30,88,468246
31,82,396562
32,81,398878
33,73,420800
34,51,504170
35,72,369224
36,83,390292
37,75,470688
38,73,390188
39,63,462701
40,73,375022
41,77,390227
42,74,482940
43,62,491058
44,69,382047
45,68,376416
46,47,500492
47,55,485886
48,79,439892
49,89,427364
50,73,442889
